	0	0	7.28454e+07
	1	0	1.29278e+07
	2	0	-1.49099e+07
	3	0	1.08726e+07
	4	0	-1.64942e+09
	5	0	4.69316e+07
	0	1	1.29278e+07
	1	1	4.82463e+07
	2	1	3.00058e+07
	3	1	1.23441e+09
	4	1	-3.29068e+08
	5	1	-3.22643e+08
	0	2	-1.49099e+07
	1	2	3.00058e+07
	2	2	3.52219e+07
	3	2	9.88725e+08
	4	2	3.64114e+08
	5	2	-2.78288e+08
	0	3	1.08726e+07
	1	3	1.23441e+09
	2	3	9.88725e+08
	3	3	3.48715e+10
	4	3	-5.44736e+08
	5	3	-8.95832e+09
	0	4	-1.64942e+09
	1	4	-3.29068e+08
	2	4	3.64114e+08
	3	4	-5.44736e+08
	4	4	3.79899e+10
	5	4	-1.02965e+09
	0	5	4.69316e+07
	1	5	-3.22643e+08
	2	5	-2.78288e+08
	3	5	-8.95832e+09
	4	5	-1.02965e+09
	5	5	5.02976e+09
	6	6	5.6782e+07
	7	6	9.41883e+06
	8	6	-1.07395e+07
	9	6	2.53111e+07
	10	6	-1.28773e+09
	11	6	1.14054e+08
	6	7	9.41883e+06
	7	7	4.06936e+07
	8	7	2.45317e+07
	9	7	1.04343e+09
	10	7	-2.60155e+08
	11	7	-1.77014e+08
	6	8	-1.07395e+07
	7	8	2.45317e+07
	8	8	2.55831e+07
	9	8	7.63945e+08
	10	8	2.4445e+08
	11	8	-1.70814e+08
	6	9	2.53111e+07
	7	9	1.04343e+09
	8	9	7.63945e+08
	9	9	2.87561e+10
	10	9	-1.42863e+09
	11	9	-5.13786e+09
	6	10	-1.28773e+09
	7	10	-2.60155e+08
	8	10	2.4445e+08
	9	10	-1.42863e+09
	10	10	2.97096e+10
	11	10	-2.43203e+09
	6	11	1.14054e+08
	7	11	-1.77014e+08
	8	11	-1.70814e+08
	9	11	-5.13786e+09
	10	11	-2.43203e+09
	11	11	3.03376e+09
	12	12	4.86119e+07
	13	12	7.48765e+06
	14	12	-8.56429e+06
	15	12	4.27474e+07
	16	12	-1.11952e+09
	17	12	1.7106e+08
	12	13	7.48765e+06
	13	13	3.80042e+07
	14	13	2.0129e+07
	15	13	9.71358e+08
	16	13	-2.27618e+08
	17	13	-1.71845e+08
	12	14	-8.56429e+06
	13	14	2.0129e+07
	14	14	1.7724e+07
	15	14	5.88543e+08
	16	14	1.8917e+08
	17	14	-1.57768e+08
	12	15	4.27474e+07
	13	15	9.71358e+08
	14	15	5.88543e+08
	15	15	2.57446e+10
	16	15	-2.20406e+09
	17	15	-5.0638e+09
	12	16	-1.11952e+09
	13	16	-2.27618e+08
	14	16	1.8917e+08
	15	16	-2.20406e+09
	16	16	2.61471e+10
	17	16	-3.73068e+09
	12	17	1.7106e+08
	13	17	-1.71845e+08
	14	17	-1.57768e+08
	15	17	-5.0638e+09
	16	17	-3.73068e+09
	17	17	3.03596e+09
	18	18	3.96878e+07
	19	18	5.40899e+06
	20	18	-6.31006e+06
	21	18	4.71736e+07
	22	18	-9.08669e+08
	23	18	1.98123e+08
	18	19	5.40899e+06
	19	19	3.41109e+07
	20	19	1.55875e+07
	21	19	8.55465e+08
	22	19	-1.78376e+08
	23	19	-1.35824e+08
	18	20	-6.31006e+06
	19	20	1.55875e+07
	20	20	1.12011e+07
	21	20	4.22676e+08
	22	20	1.34142e+08
	23	20	-1.18206e+08
	18	21	4.71736e+07
	19	21	8.55465e+08
	20	21	4.22676e+08
	21	21	2.18151e+10
	22	21	-2.38042e+09
	23	21	-3.9523e+09
	18	22	-9.08669e+08
	19	22	-1.78376e+08
	20	22	1.34142e+08
	21	22	-2.38042e+09
	22	22	2.10979e+10
	23	22	-4.33549e+09
	18	23	1.98123e+08
	19	23	-1.35824e+08
	20	23	-1.18206e+08
	21	23	-3.9523e+09
	22	23	-4.33549e+09
	23	23	2.68593e+09
	24	24	3.17458e+07
	25	24	2.75115e+06
	26	24	-4.23918e+06
	27	24	2.36032e+07
	28	24	-7.37755e+08
	29	24	1.22603e+08
	24	25	2.75115e+06
	25	25	2.81388e+07
	26	25	1.08702e+07
	27	25	7.0062e+08
	28	25	-9.18865e+07
	29	25	-9.90819e+07
	24	26	-4.23918e+06
	25	26	1.08702e+07
	26	26	6.60037e+06
	27	26	2.82476e+08
	28	26	9.90786e+07
	29	26	-6.34509e+07
	24	27	2.36032e+07
	25	27	7.0062e+08
	26	27	2.82476e+08
	27	27	1.76187e+10
	28	27	-1.21143e+09
	29	27	-2.70466e+09
	24	28	-7.37755e+08
	25	28	-9.18865e+07
	26	28	9.90786e+07
	27	28	-1.21143e+09
	28	28	1.73423e+10
	29	28	-2.83067e+09
	24	29	1.22603e+08
	25	29	-9.90819e+07
	26	29	-6.34509e+07
	27	29	-2.70466e+09
	28	29	-2.83067e+09
	29	29	1.64015e+09
	30	30	3.11799e+07
	31	30	2.26775e+06
	32	30	-4.71615e+06
	33	30	2.35319e+07
	34	30	-6.99044e+08
	35	30	1.07435e+08
	30	31	2.26775e+06
	31	31	2.97856e+07
	32	31	7.05891e+06
	33	31	6.76586e+08
	34	31	-7.42127e+07
	35	31	-1.24619e+08
	30	32	-4.71615e+06
	31	32	7.05891e+06
	32	32	3.85631e+06
	33	32	1.63576e+08
	34	32	1.11297e+08
	35	32	-5.08272e+07
	30	33	2.35319e+07
	31	33	6.76586e+08
	32	33	1.63576e+08
	33	33	1.55287e+10
	34	33	-1.06421e+09
	35	33	-2.97929e+09
	30	34	-6.99044e+08
	31	34	-7.42127e+07
	32	34	1.11297e+08
	33	34	-1.06421e+09
	34	34	1.5911e+10
	35	34	-2.40737e+09
	30	35	1.07435e+08
	31	35	-1.24619e+08
	32	35	-5.08272e+07
	33	35	-2.97929e+09
	34	35	-2.40737e+09
	35	35	1.62014e+09
	36	36	2.89416e+07
	37	36	1.31399e+06
	38	36	-4.04747e+06
	39	36	1.62628e+07
	40	36	-6.33049e+08
	41	36	8.85148e+07
	36	37	1.31399e+06
	37	37	2.86771e+07
	38	37	3.59001e+06
	39	37	6.2429e+08
	40	37	-4.38913e+07
	41	37	-1.07891e+08
	36	38	-4.04747e+06
	37	38	3.59001e+06
	38	38	2.28533e+06
	39	38	7.37563e+07
	40	38	9.59835e+07
	41	38	-2.73569e+07
	36	39	1.62628e+07
	37	39	6.2429e+08
	38	39	7.37563e+07
	39	39	1.38029e+10
	40	39	-7.11811e+08
	41	39	-2.4249e+09
	36	40	-6.33049e+08
	37	40	-4.38913e+07
	38	40	9.59835e+07
	39	40	-7.11811e+08
	40	40	1.41085e+10
	41	40	-2.00871e+09
	36	41	8.85148e+07
	37	41	-1.07891e+08
	38	41	-2.73569e+07
	39	41	-2.4249e+09
	40	41	-2.00871e+09
	41	41	1.34751e+09
	42	42	4.15682e+07
	43	42	964659
	44	42	-6.90928e+06
	45	42	1.85889e+07
	46	42	-8.54108e+08
	47	42	1.16422e+08
	42	43	964659
	43	43	4.20415e+07
	44	43	-594164
	45	43	8.48005e+08
	46	43	-3.77432e+07
	47	43	-1.4992e+08
	42	44	-6.90928e+06
	43	44	-594164
	44	44	3.0581e+06
	45	44	-2.79048e+07
	46	44	1.54524e+08
	47	44	-1.65574e+07
	42	45	1.85889e+07
	43	45	8.48005e+08
	44	45	-2.79048e+07
	45	45	1.76245e+10
	46	45	-8.22219e+08
	47	45	-3.03482e+09
	42	46	-8.54108e+08
	43	46	-3.77432e+07
	44	46	1.54524e+08
	45	46	-8.22219e+08
	46	46	1.80017e+10
	47	46	-2.56348e+09
	42	47	1.16422e+08
	43	47	-1.4992e+08
	44	47	-1.65574e+07
	45	47	-3.03482e+09
	46	47	-2.56348e+09
	47	47	1.79163e+09
	48	48	3.6993e+07
	49	48	424478
	50	48	-6.38092e+06
	51	48	1.2354e+07
	52	48	-7.68653e+08
	53	48	8.66935e+07
	48	49	424478
	49	49	3.69881e+07
	50	49	-2.08381e+06
	51	49	7.50956e+08
	52	49	-1.96634e+07
	53	49	-1.40872e+08
	48	50	-6.38092e+06
	49	50	-2.08381e+06
	50	50	2.99847e+06
	51	50	-5.89815e+07
	52	50	1.44177e+08
	53	50	-5.36461e+06
	48	51	1.2354e+07
	49	51	7.50956e+08
	50	51	-5.89815e+07
	51	51	1.57879e+10
	52	51	-5.40236e+08
	53	51	-2.84511e+09
	48	52	-7.68653e+08
	49	52	-1.96634e+07
	50	52	1.44177e+08
	51	52	-5.40236e+08
	52	52	1.64114e+10
	53	52	-1.98621e+09
	48	53	8.66935e+07
	49	53	-1.40872e+08
	50	53	-5.36461e+06
	51	53	-2.84511e+09
	52	53	-1.98621e+09
	53	53	1.60444e+09
	54	54	4.43522e+07
	55	54	-783169
	56	54	-7.59662e+06
	57	54	4.42031e+06
	58	54	-8.96285e+08
	59	54	4.28406e+07
	54	55	-783169
	55	55	4.32322e+07
	56	55	-6.06636e+06
	57	55	8.44614e+08
	58	55	1.41374e+07
	59	55	-1.60195e+08
	54	56	-7.59662e+06
	55	56	-6.06636e+06
	56	56	4.56245e+06
	57	56	-1.38601e+08
	58	56	1.72498e+08
	59	56	1.7917e+07
	54	57	4.42031e+06
	55	57	8.44614e+08
	56	57	-1.38601e+08
	57	57	1.71157e+10
	58	57	-2.03679e+08
	59	57	-3.18486e+09
	54	58	-8.96285e+08
	55	58	1.41374e+07
	56	58	1.72498e+08
	57	58	-2.03679e+08
	58	58	1.86502e+10
	59	58	-1.03901e+09
	54	59	4.28406e+07
	55	59	-1.60195e+08
	56	59	1.7917e+07
	57	59	-3.18486e+09
	58	59	-1.03901e+09
	59	59	1.62794e+09
	60	60	5.42411e+07
	61	60	-2.08544e+06
	62	60	-6.58709e+06
	63	60	-8.85342e+06
	64	60	-1.07526e+09
	65	60	-4.6355e+07
	60	61	-2.08544e+06
	61	61	5.10892e+07
	62	61	-1.21333e+07
	63	61	9.93354e+08
	64	61	5.73203e+07
	65	61	-1.43503e+08
	60	62	-6.58709e+06
	61	62	-1.21333e+07
	62	62	6.73979e+06
	63	62	-2.55444e+08
	64	62	1.54536e+08
	65	62	4.40637e+07
	60	63	-8.85342e+06
	61	63	9.93354e+08
	62	63	-2.55444e+08
	63	63	1.97479e+10
	64	63	3.79776e+08
	65	63	-3.02565e+09
	60	64	-1.07526e+09
	61	64	5.73203e+07
	62	64	1.54536e+08
	63	64	3.79776e+08
	64	64	2.18574e+10
	65	64	7.94976e+08
	60	65	-4.6355e+07
	61	65	-1.43503e+08
	62	65	4.40637e+07
	63	65	-3.02565e+09
	64	65	7.94976e+08
	65	65	1.56077e+09
	66	66	6.02132e+07
	67	66	-2.74974e+06
	68	66	-7.02632e+06
	69	66	-2.60127e+06
	70	66	-1.18446e+09
	71	66	2.47178e+06
	66	67	-2.74974e+06
	67	67	5.24788e+07
	68	67	-1.9191e+07
	69	67	1.04737e+09
	70	67	6.75954e+07
	71	67	-1.49841e+08
	66	68	-7.02632e+06
	67	68	-1.9191e+07
	68	68	1.14589e+07
	69	68	-4.1162e+08
	70	68	1.65512e+08
	71	68	5.87034e+07
	66	69	-2.60127e+06
	67	69	1.04737e+09
	68	69	-4.1162e+08
	69	69	2.1333e+10
	70	69	1.23181e+08
	71	69	-3.22475e+09
	66	70	-1.18446e+09
	67	70	6.75954e+07
	68	70	1.65512e+08
	69	70	1.23181e+08
	70	70	2.38249e+10
	71	70	-6.22982e+07
	66	71	2.47178e+06
	67	71	-1.49841e+08
	68	71	5.87034e+07
	69	71	-3.22475e+09
	70	71	-6.22982e+07
	71	71	1.57784e+09
	72	72	6.27674e+07
	73	72	-3.48648e+06
	74	72	-5.96042e+06
	75	72	-9.00125e+06
	76	72	-1.21334e+09
	77	72	-4.57362e+07
	72	73	-3.48648e+06
	73	73	4.96656e+07
	74	73	-2.48001e+07
	75	73	1.02898e+09
	76	73	9.08025e+07
	77	73	-1.05544e+08
	72	74	-5.96042e+06
	73	74	-2.48001e+07
	74	74	1.70411e+07
	75	74	-5.48963e+08
	76	74	1.35769e+08
	77	74	6.31199e+07
	72	75	-9.00125e+06
	73	75	1.02898e+09
	74	75	-5.48963e+08
	75	75	2.16664e+10
	76	75	4.23726e+08
	77	75	-2.45747e+09
	72	76	-1.21334e+09
	73	76	9.08025e+07
	74	76	1.35769e+08
	75	76	4.23726e+08
	76	76	2.38553e+10
	77	76	8.9472e+08
	72	77	-4.57362e+07
	73	77	-1.05544e+08
	74	77	6.31199e+07
	75	77	-2.45747e+09
	76	77	8.9472e+08
	77	77	1.36577e+09
	78	78	6.08542e+07
	79	78	-4.64252e+06
	80	78	-6.25663e+06
	81	78	-2.30728e+06
	82	78	-1.17679e+09
	83	78	2.72037e+07
	78	79	-4.64252e+06
	79	79	3.96928e+07
	80	79	-2.78954e+07
	81	79	8.97237e+08
	82	79	1.07376e+08
	83	79	-9.72975e+07
	78	80	-6.25663e+06
	79	80	-2.78954e+07
	80	80	2.53791e+07
	81	80	-6.90248e+08
	82	80	1.42791e+08
	83	80	7.01471e+07
	78	81	-2.30728e+06
	79	81	8.97237e+08
	80	81	-6.90248e+08
	81	81	2.09577e+10
	82	81	9.27632e+07
	83	81	-2.36483e+09
	78	82	-1.17679e+09
	79	82	1.07376e+08
	80	82	1.42791e+08
	81	82	9.27632e+07
	82	82	2.31432e+10
	83	82	-4.55688e+08
	78	83	2.72037e+07
	79	83	-9.72975e+07
	80	83	7.01471e+07
	81	83	-2.36483e+09
	82	83	-4.55688e+08
	83	83	1.26776e+09
	84	84	5.56759e+07
	85	84	-5.9387e+06
	86	84	-5.80184e+06
	87	84	-8.95797e+06
	88	84	-1.08663e+09
	89	84	-2.24386e+07
	84	85	-5.9387e+06
	85	85	3.02472e+07
	86	85	-2.62385e+07
	87	85	7.4477e+08
	88	85	1.4233e+08
	89	85	-8.77309e+07
	84	86	-5.80184e+06
	85	86	-2.62385e+07
	86	86	2.9736e+07
	87	86	-7.30491e+08
	88	86	1.24986e+08
	89	86	9.18491e+07
	84	87	-8.95797e+06
	85	87	7.4477e+08
	86	87	-7.30491e+08
	87	87	1.94156e+10
	88	87	4.22278e+08
	89	87	-2.47175e+09
	84	88	-1.08663e+09
	85	88	1.4233e+08
	86	88	1.24986e+08
	87	88	4.22278e+08
	88	88	2.15873e+10
	89	88	4.48548e+08
	84	89	-2.24386e+07
	85	89	-8.77309e+07
	86	89	9.18491e+07
	87	89	-2.47175e+09
	88	89	4.48548e+08
	89	89	1.24172e+09
	90	90	5.45639e+07
	91	90	-7.88485e+06
	92	90	-5.66055e+06
	93	90	-1.319e+07
	94	90	-1.10584e+09
	95	90	-3.92421e+07
	90	91	-7.88485e+06
	91	91	2.30107e+07
	92	91	-2.47718e+07
	93	91	6.48559e+08
	94	91	1.9048e+08
	95	91	-8.32494e+07
	90	92	-5.66055e+06
	91	92	-2.47718e+07
	92	92	3.65038e+07
	93	92	-8.41135e+08
	94	92	1.1745e+08
	95	92	1.21502e+08
	90	93	-1.319e+07
	91	93	6.48559e+08
	92	93	-8.41135e+08
	93	93	2.04021e+10
	94	93	6.33709e+08
	95	93	-2.89177e+09
	90	94	-1.10584e+09
	91	94	1.9048e+08
	92	94	1.1745e+08
	93	94	6.33709e+08
	94	94	2.27829e+10
	95	94	7.64451e+08
	90	95	-3.92421e+07
	91	95	-8.32494e+07
	92	95	1.21502e+08
	93	95	-2.89177e+09
	94	95	7.64451e+08
	95	95	1.34956e+09
	96	96	5.65726e+07
	97	96	-1.07286e+07
	98	96	-5.85822e+06
	99	96	-1.00676e+07
	100	96	-1.13168e+09
	101	96	-8.01485e+06
	96	97	-1.07286e+07
	97	97	1.75733e+07
	98	97	-2.23441e+07
	99	97	5.28406e+08
	100	97	2.45656e+08
	101	97	-7.83629e+07
	96	98	-5.85822e+06
	97	98	-2.23441e+07
	98	98	4.57064e+07
	99	98	-9.43696e+08
	100	98	1.21562e+08
	101	98	1.45409e+08
	96	99	-1.00676e+07
	97	99	5.28406e+08
	98	99	-9.43696e+08
	99	99	2.02764e+10
	100	99	4.69589e+08
	101	99	-3.11528e+09
	96	100	-1.13168e+09
	97	100	2.45656e+08
	98	100	1.21562e+08
	99	100	4.69589e+08
	100	100	2.3112e+10
	101	100	1.89933e+08
	96	101	-8.01485e+06
	97	101	-7.83629e+07
	98	101	1.45409e+08
	99	101	-3.11528e+09
	100	101	1.89933e+08
	101	101	1.44151e+09
	102	102	4.85391e+07
	103	102	-4.733e+06
	104	102	-1.60865e+06
	105	102	-9.96676e+08
	106	102	8.22661e+07
	102	103	-4.733e+06
	103	103	4.63794e+07
	104	103	-9.1667e+08
	105	103	1.23026e+08
	106	103	8.1889e+07
	102	104	-1.60865e+06
	103	104	-9.1667e+08
	104	104	1.87313e+10
	105	104	-2.25906e+08
	106	104	-1.80782e+09
	102	105	-9.96676e+08
	103	105	1.23026e+08
	104	105	-2.25906e+08
	105	105	2.10145e+10
	106	105	-1.48964e+09
	102	106	8.22661e+07
	103	106	8.1889e+07
	104	106	-1.80782e+09
	105	106	-1.48964e+09
	106	106	1.22728e+09
	107	107	4.99833e+07
	108	107	-1.62238e+07
	109	107	-4.96456e+06
	110	107	5.96866e+06
	111	107	-1.0306e+09
	112	107	9.47264e+07
	107	108	-1.62238e+07
	108	108	1.1431e+07
	109	108	-1.05867e+07
	110	108	2.56249e+08
	111	108	3.58608e+08
	112	108	-7.35573e+07
	107	109	-4.96456e+06
	108	109	-1.05867e+07
	109	109	5.2964e+07
	110	109	-9.75406e+08
	111	109	1.43929e+08
	112	109	1.43803e+08
	107	110	5.96866e+06
	108	110	2.56249e+08
	109	110	-9.75406e+08
	110	110	1.89485e+10
	111	110	-5.6957e+08
	112	110	-2.70016e+09
	107	111	-1.0306e+09
	108	111	3.58608e+08
	109	111	1.43929e+08
	110	111	-5.6957e+08
	111	111	2.22499e+10
	112	111	-1.48098e+09
	107	112	9.47264e+07
	108	112	-7.35573e+07
	109	112	1.43803e+08
	110	112	-2.70016e+09
	111	112	-1.48098e+09
	112	112	1.77515e+09
	113	113	5.16587e+07
	114	113	-2.11973e+07
	115	113	-4.67969e+06
	116	113	6.99078e+06
	117	113	-1.08798e+09
	118	113	4.44005e+07
	113	114	-2.11973e+07
	114	114	1.47771e+07
	115	114	-7.88999e+06
	116	114	2.1442e+08
	117	114	4.78147e+08
	118	114	-6.15409e+07
	113	115	-4.67969e+06
	114	115	-7.88999e+06
	115	115	5.80692e+07
	116	115	-1.02578e+09
	117	115	1.34262e+08
	118	115	1.95061e+08
	113	116	6.99078e+06
	114	116	2.1442e+08
	115	116	-1.02578e+09
	116	116	1.95703e+10
	117	116	-3.35471e+08
	118	116	-3.13001e+09
	113	117	-1.08798e+09
	114	117	4.78147e+08
	115	117	1.34262e+08
	116	117	-3.35471e+08
	117	117	2.4252e+10
	118	117	-2.70357e+08
	113	118	4.44005e+07
	114	118	-6.15409e+07
	115	118	1.95061e+08
	116	118	-3.13001e+09
	117	118	-2.70357e+08
	118	118	2.15372e+09
	119	119	5.06247e+07
	120	119	-2.27216e+07
	121	119	-3.40389e+06
	122	119	-1.90307e+06
	123	119	-1.0791e+09
	124	119	-6.67328e+07
	119	120	-2.27216e+07
	120	120	1.66954e+07
	121	120	-7.44772e+06
	122	120	2.04757e+08
	123	120	5.33791e+08
	124	120	-1.09923e+06
	119	121	-3.40389e+06
	120	121	-7.44772e+06
	121	121	5.91501e+07
	122	121	-1.03421e+09
	123	121	6.03255e+07
	124	121	1.7329e+08
	119	122	-1.90307e+06
	120	122	2.04757e+08
	121	122	-1.03421e+09
	122	122	1.96237e+10
	123	122	7.83523e+08
	124	122	-2.34785e+09
	119	123	-1.0791e+09
	120	123	5.33791e+08
	121	123	6.03255e+07
	122	123	7.83523e+08
	123	123	2.4423e+10
	124	123	1.94506e+09
	119	124	-6.67328e+07
	120	124	-1.09923e+06
	121	124	1.7329e+08
	122	124	-2.34785e+09
	123	124	1.94506e+09
	124	124	2.19014e+09
	125	125	6.12249e+07
	126	125	-3.3607e+07
	127	125	-5.43284e+06
	128	125	5.84359e+06
	129	125	-1.20606e+09
	130	125	-9.36993e+07
	125	126	-3.3607e+07
	126	126	2.93746e+07
	127	126	-9.42811e+06
	128	126	2.46442e+08
	129	126	7.47776e+08
	130	126	2.36611e+07
	125	127	-5.43284e+06
	126	127	-9.42811e+06
	127	127	7.95685e+07
	128	127	-1.16218e+09
	129	127	8.67257e+07
	130	127	1.63571e+08
	125	128	5.84359e+06
	126	128	2.46442e+08
	127	128	-1.16218e+09
	128	128	1.90888e+10
	129	128	1.00519e+09
	130	128	-1.29459e+09
	125	129	-1.20606e+09
	126	129	7.47776e+08
	127	129	8.67257e+07
	128	129	1.00519e+09
	129	129	2.59175e+10
	130	129	2.51514e+09
	125	130	-9.36993e+07
	126	130	2.36611e+07
	127	130	1.63571e+08
	128	130	-1.29459e+09
	129	130	2.51514e+09
	130	130	2.47269e+09
	131	131	6.29221e+07
	132	131	-3.92921e+07
	133	131	-4.97543e+06
	134	131	8.95206e+06
	135	131	-1.19198e+09
	136	131	-8.39788e+07
	131	132	-3.92921e+07
	132	132	3.58092e+07
	133	132	-7.49308e+06
	134	132	2.02466e+08
	135	132	8.37773e+08
	136	132	3.78184e+07
	131	133	-4.97543e+06
	132	133	-7.49308e+06
	133	133	8.92285e+07
	134	133	-1.15709e+09
	135	133	7.43607e+07
	136	133	1.216e+08
	131	134	8.95206e+06
	132	134	2.02466e+08
	133	134	-1.15709e+09
	134	134	1.70996e+10
	135	134	9.98678e+08
	136	134	-3.69402e+08
	131	135	-1.19198e+09
	132	135	8.37773e+08
	133	135	7.43607e+07
	134	135	9.98678e+08
	135	135	2.49377e+10
	136	135	2.35043e+09
	131	136	-8.39788e+07
	132	136	3.78184e+07
	133	136	1.216e+08
	134	136	-3.69402e+08
	135	136	2.35043e+09
	136	136	2.21245e+09
	137	137	7.50323e+07
	138	137	-5.19256e+07
	139	137	3.10625e+06
	140	137	3.79364e+06
	141	137	-1.26484e+09
	142	137	-1.47174e+08
	137	138	-5.19256e+07
	138	138	4.97887e+07
	139	138	2.68663e+06
	140	138	-2.04783e+07
	141	138	1.0264e+09
	142	138	1.21031e+08
	137	139	3.10625e+06
	138	139	2.68663e+06
	139	139	1.16466e+08
	140	139	-1.27752e+09
	141	139	-1.95131e+08
	142	139	1.16514e+08
	137	140	3.79364e+06
	138	140	-2.04783e+07
	139	140	-1.27752e+09
	140	140	1.48096e+10
	141	140	2.05269e+09
	142	140	-5.33157e+08
	137	141	-1.26484e+09
	138	141	1.0264e+09
	139	141	-1.95131e+08
	140	141	2.05269e+09
	141	141	2.40297e+10
	142	141	2.89149e+09
	137	142	-1.47174e+08
	138	142	1.21031e+08
	139	142	1.16514e+08
	140	142	-5.33157e+08
	141	142	2.89149e+09
	142	142	2.29223e+09
	143	143	8.58432e+07
	144	143	-6.95214e+07
	145	143	1.51458e+07
	146	143	-2.04398e+06
	147	143	-1.43312e+09
	148	143	-1.24346e+08
	143	144	-6.95214e+07
	144	144	8.54512e+07
	145	144	1.23667e+07
	146	144	-2.14806e+08
	147	144	1.41902e+09
	148	144	1.73639e+08
	143	145	1.51458e+07
	144	145	1.23667e+07
	145	145	1.50172e+08
	146	145	-1.41675e+09
	147	145	-4.36604e+08
	148	145	2.89384e+08
	143	146	-2.04398e+06
	144	146	-2.14806e+08
	145	146	-1.41675e+09
	146	146	1.46075e+10
	147	146	2.30092e+09
	148	146	-1.82677e+09
	143	147	-1.43312e+09
	144	147	1.41902e+09
	145	147	-4.36604e+08
	146	147	2.30092e+09
	147	147	2.85362e+10
	148	147	2.56121e+09
	143	148	-1.24346e+08
	144	148	1.73639e+08
	145	148	2.89384e+08
	146	148	-1.82677e+09
	147	148	2.56121e+09
	148	148	3.35195e+09
	149	149	7.17976e+07
	150	149	-6.61762e+07
	151	149	2.66292e+07
	152	149	-1.14513e+07
	153	149	-1.28131e+09
	154	149	-1.5326e+08
	149	150	-6.61762e+07
	150	150	1.04759e+08
	151	150	1.53634e+07
	152	150	-3.69206e+08
	153	150	1.47043e+09
	154	150	3.1211e+08
	149	151	2.66292e+07
	150	151	1.53634e+07
	151	151	1.48822e+08
	152	151	-1.2528e+09
	153	151	-8.5242e+08
	154	151	3.33536e+08
	149	152	-1.14513e+07
	150	152	-3.69206e+08
	151	152	-1.2528e+09
	152	152	1.22375e+10
	153	152	3.71624e+09
	154	152	-2.31478e+09
	149	153	-1.28131e+09
	150	153	1.47043e+09
	151	153	-8.5242e+08
	152	153	3.71624e+09
	153	153	2.96959e+10
	154	153	3.02374e+09
	149	154	-1.5326e+08
	150	154	3.1211e+08
	151	154	3.33536e+08
	152	154	-2.31478e+09
	153	154	3.02374e+09
	154	154	4.17638e+09
	155	155	6.84139e+07
	156	155	-6.63146e+07
	157	155	3.12344e+07
	158	155	-1.63931e+07
	159	155	-1.2945e+09
	160	155	-2.25768e+08
	155	156	-6.63146e+07
	156	156	1.19102e+08
	157	156	1.13792e+07
	158	156	-4.0276e+08
	159	156	1.58884e+09
	160	156	4.83131e+08
	155	157	3.12344e+07
	156	157	1.13792e+07
	157	157	1.60255e+08
	158	157	-1.32259e+09
	159	157	-1.21418e+09
	160	157	4.04594e+08
	155	158	-1.63931e+07
	156	158	-4.0276e+08
	157	158	-1.32259e+09
	158	158	1.34252e+10
	159	158	5.93737e+09
	160	158	-2.87785e+09
	155	159	-1.2945e+09
	156	159	1.58884e+09
	157	159	-1.21418e+09
	158	159	5.93737e+09
	159	159	3.42716e+10
	160	159	4.26829e+09
	155	160	-2.25768e+08
	156	160	4.83131e+08
	157	160	4.04594e+08
	158	160	-2.87785e+09
	159	160	4.26829e+09
	160	160	6.20025e+09
	161	161	5.85253e+07
	162	161	-6.00031e+07
	163	161	3.32917e+07
	164	161	-1.47131e+07
	165	161	-1.20606e+09
	166	161	-2.32294e+08
	161	162	-6.00031e+07
	162	162	1.21252e+08
	163	162	8.88089e+06
	164	162	-4.52708e+08
	165	162	1.5444e+09
	166	162	5.67745e+08
	161	163	3.32917e+07
	162	163	8.88089e+06
	163	163	1.56609e+08
	164	163	-1.23286e+09
	165	163	-1.43825e+09
	166	163	3.95755e+08
	161	164	-1.47131e+07
	162	164	-4.52708e+08
	163	164	-1.23286e+09
	164	164	1.27429e+10
	165	164	6.38794e+09
	166	164	-2.98522e+09
	161	165	-1.20606e+09
	162	165	1.5444e+09
	163	165	-1.43825e+09
	164	165	6.38794e+09
	165	165	3.62191e+10
	166	165	4.40414e+09
	161	166	-2.32294e+08
	162	166	5.67745e+08
	163	166	3.95755e+08
	164	166	-2.98522e+09
	165	166	4.40414e+09
	166	166	6.90406e+09
	167	167	5.52484e+07
	168	167	-5.74006e+07
	169	167	3.63255e+07
	170	167	-9.72599e+06
	171	167	-1.21731e+09
	172	167	-1.36222e+08
	167	168	-5.74006e+07
	168	168	1.32397e+08
	169	168	7.48007e+06
	170	168	-5.62171e+08
	171	168	1.70443e+09
	172	168	5.3795e+08
	167	169	3.63255e+07
	168	169	7.48007e+06
	169	169	1.53641e+08
	170	169	-1.12782e+09
	171	169	-1.44125e+09
	172	169	5.02027e+08
	167	170	-9.72599e+06
	168	170	-5.62171e+08
	169	170	-1.12782e+09
	170	170	1.22203e+10
	171	170	3.91956e+09
	172	170	-3.45741e+09
	167	171	-1.21731e+09
	168	171	1.70443e+09
	169	171	-1.44125e+09
	170	171	3.91956e+09
	171	171	3.87996e+10
	172	171	2.74491e+09
	167	172	-1.36222e+08
	168	172	5.3795e+08
	169	172	5.02027e+08
	170	172	-3.45741e+09
	171	172	2.74491e+09
	172	172	7.22827e+09
	173	173	5.2365e+07
	174	173	-5.52144e+07
	175	173	3.62214e+07
	176	173	-2.58713e+06
	177	173	-1.17623e+09
	178	173	-9.66564e+07
	173	174	-5.52144e+07
	174	174	1.33615e+08
	175	174	8.16408e+06
	176	174	-5.88628e+08
	177	174	1.71364e+09
	178	174	4.88181e+08
	173	175	3.62214e+07
	174	175	8.16408e+06
	175	175	1.4995e+08
	176	175	-1.04572e+09
	177	175	-1.37577e+09
	178	175	4.94865e+08
	173	176	-2.58713e+06
	174	176	-5.88628e+08
	175	176	-1.04572e+09
	176	176	1.13219e+10
	177	176	2.544e+09
	178	176	-3.17354e+09
	173	177	-1.17623e+09
	174	177	1.71364e+09
	175	177	-1.37577e+09
	176	177	2.544e+09
	177	177	3.80202e+10
	178	177	2.053e+09
	173	178	-9.66564e+07
	174	178	4.88181e+08
	175	178	4.94865e+08
	176	178	-3.17354e+09
	177	178	2.053e+09
	178	178	6.60147e+09
	179	179	4.343e+07
	180	179	-5.14612e+07
	181	179	2.98446e+07
	182	179	-5.14792e+06
	183	179	-1.07729e+09
	184	179	-1.56341e+08
	179	180	-5.14612e+07
	180	180	1.21841e+08
	181	180	-245811
	182	180	-4.3893e+08
	183	180	1.70833e+09
	184	180	5.9299e+08
	179	181	2.98446e+07
	180	181	-245811
	181	181	1.44426e+08
	182	181	-1.00583e+09
	183	181	-1.46634e+09
	184	181	5.37821e+08
	179	182	-5.14792e+06
	180	182	-4.3893e+08
	181	182	-1.00583e+09
	182	182	1.05588e+10
	183	182	3.95066e+09
	184	182	-3.81896e+09
	179	183	-1.07729e+09
	180	183	1.70833e+09
	181	183	-1.46634e+09
	182	183	3.95066e+09
	183	183	3.99524e+10
	184	183	2.86931e+09
	179	184	-1.56341e+08
	180	184	5.9299e+08
	181	184	5.37821e+08
	182	184	-3.81896e+09
	183	184	2.86931e+09
	184	184	8.10263e+09
	185	185	5.5396e+07
	186	185	-6.28367e+07
	187	185	3.22312e+07
	188	185	-2.47901e+06
	189	185	-1.21878e+09
	190	185	-1.99928e+08
	185	186	-6.28367e+07
	186	186	1.35885e+08
	187	186	1.94298e+06
	188	186	-4.66849e+08
	189	186	1.84595e+09
	190	186	6.25757e+08
	185	187	3.22312e+07
	186	187	1.94298e+06
	187	187	1.70088e+08
	188	187	-1.17254e+09
	189	187	-1.52287e+09
	190	187	5.46259e+08
	185	188	-2.47901e+06
	186	188	-4.66849e+08
	187	188	-1.17254e+09
	188	188	1.15571e+10
	189	188	4.14816e+09
	190	188	-3.74719e+09
	185	189	-1.21878e+09
	186	189	1.84595e+09
	187	189	-1.52287e+09
	188	189	4.14816e+09
	189	189	4.07638e+10
	190	189	3.29976e+09
	185	190	-1.99928e+08
	186	190	6.25757e+08
	187	190	5.46259e+08
	188	190	-3.74719e+09
	189	190	3.29976e+09
	190	190	8.12404e+09
	191	191	5.53281e+07
	192	191	-6.04255e+07
	193	191	3.37331e+07
	194	191	1.85681e+06
	195	191	-1.19547e+09
	196	191	-1.68904e+08
	191	192	-6.04255e+07
	192	192	1.32841e+08
	193	192	4.79929e+06
	194	192	-5.20354e+08
	195	192	1.758e+09
	196	192	5.79152e+08
	191	193	3.37331e+07
	192	193	4.79929e+06
	193	193	1.63198e+08
	194	193	-1.10046e+09
	195	193	-1.45732e+09
	196	193	5.06693e+08
	191	194	1.85681e+06
	192	194	-5.20354e+08
	193	194	-1.10046e+09
	194	194	1.10767e+10
	195	194	3.02713e+09
	196	194	-3.47298e+09
	191	195	-1.19547e+09
	192	195	1.758e+09
	193	195	-1.45732e+09
	194	195	3.02713e+09
	195	195	3.88891e+10
	196	195	2.76615e+09
	191	196	-1.68904e+08
	192	196	5.79152e+08
	193	196	5.06693e+08
	194	196	-3.47298e+09
	195	196	2.76615e+09
	196	196	7.44939e+09
	197	197	3.50408e+07
	198	197	-3.13181e+07
	199	197	3.71479e+07
	200	197	-8.28739e+06
	201	197	-8.34709e+08
	202	197	-4.58427e+07
	197	198	-3.13181e+07
	198	198	1.08175e+08
	199	198	6.47638e+06
	200	198	-6.19591e+08
	201	198	9.67403e+08
	202	198	4.73443e+08
	197	199	3.71479e+07
	198	199	6.47638e+06
	199	199	1.13579e+08
	200	199	-5.51298e+08
	201	199	-1.4581e+09
	202	199	2.78391e+08
	197	200	-8.28739e+06
	198	200	-6.19591e+08
	199	200	-5.51298e+08
	200	200	7.35967e+09
	201	200	1.22799e+09
	202	200	-2.2738e+09
	197	201	-8.34709e+08
	198	201	9.67403e+08
	199	201	-1.4581e+09
	200	201	1.22799e+09
	201	201	2.99963e+10
	202	201	5.09482e+08
	197	202	-4.58427e+07
	198	202	4.73443e+08
	199	202	2.78391e+08
	200	202	-2.2738e+09
	201	202	5.09482e+08
	202	202	5.11114e+09
	203	203	3.98812e+07
	204	203	-2.883e+07
	205	203	4.01711e+07
	206	203	-1.99778e+06
	207	203	-8.65345e+08
	208	203	-1.14114e+07
	203	204	-2.883e+07
	204	204	1.0461e+08
	205	204	1.09448e+07
	206	204	-6.87048e+08
	207	204	8.42924e+08
	208	204	3.551e+08
	203	205	4.01711e+07
	204	205	1.09448e+07
	205	205	9.93644e+07
	206	205	-4.87105e+08
	207	205	-1.27872e+09
	208	205	2.243e+08
	203	206	-1.99778e+06
	204	206	-6.87048e+08
	205	206	-4.87105e+08
	206	206	7.23723e+09
	207	206	1.87731e+08
	208	206	-1.98681e+09
	203	207	-8.65345e+08
	204	207	8.42924e+08
	205	207	-1.27872e+09
	206	207	1.87731e+08
	207	207	2.66214e+10
	208	207	-1.06471e+07
	203	208	-1.14114e+07
	204	208	3.551e+08
	205	208	2.243e+08
	206	208	-1.98681e+09
	207	208	-1.06471e+07
	208	208	3.70907e+09
	209	209	3.0681e+07
	210	209	-1.38956e+07
	211	209	3.58333e+07
	212	209	-5.11766e+06
	213	209	-7.25552e+08
	214	209	3.66817e+07
	209	210	-1.38956e+07
	210	210	8.56348e+07
	211	210	5.31675e+06
	212	210	-6.70387e+08
	213	210	4.91628e+08
	214	210	2.90054e+08
	209	211	3.58333e+07
	210	211	5.31675e+06
	211	211	7.11858e+07
	212	211	-2.36461e+08
	213	211	-1.14094e+09
	214	211	1.63813e+08
	209	212	-5.11766e+06
	210	212	-6.70387e+08
	211	212	-2.36461e+08
	212	212	6.78829e+09
	213	212	-6.15737e+08
	214	212	-1.59524e+09
	209	213	-7.25552e+08
	210	213	4.91628e+08
	211	213	-1.14094e+09
	212	213	-6.15737e+08
	213	213	2.30255e+10
	214	213	-9.99924e+08
	209	214	3.66817e+07
	210	214	2.90054e+08
	211	214	1.63813e+08
	212	214	-1.59524e+09
	213	214	-9.99924e+08
	214	214	3.08232e+09
	215	215	3.25545e+07
	216	215	-2.74165e+06
	217	215	3.53012e+07
	218	215	-6.28585e+06
	219	215	-7.57241e+08
	220	215	6.96239e+07
	215	216	-2.74165e+06
	216	216	7.73205e+07
	217	216	505662
	218	216	-7.52242e+08
	219	216	1.66425e+08
	220	216	2.18215e+08
	215	217	3.53012e+07
	216	217	505662
	217	217	5.31274e+07
	218	217	-2.43197e+07
	219	217	-1.03164e+09
	220	217	9.82972e+07
	215	218	-6.28585e+06
	216	218	-7.52242e+08
	217	218	-2.43197e+07
	218	218	8.49259e+09
	219	218	-1.24968e+09
	220	218	-1.12983e+09
	215	219	-7.57241e+08
	216	219	1.66425e+08
	217	219	-1.03164e+09
	218	219	-1.24968e+09
	219	219	2.16399e+10
	220	219	-1.87516e+09
	215	220	6.96239e+07
	216	220	2.18215e+08
	217	220	9.82972e+07
	218	220	-1.12983e+09
	219	220	-1.87516e+09
	220	220	2.45557e+09
	221	221	2.34431e+07
	222	221	1.9585e+06
	223	221	2.45394e+07
	224	221	-4.21437e+06
	225	221	-5.70083e+08
	226	221	-2.57918e+07
	221	222	1.9585e+06
	222	222	5.33182e+07
	223	222	-1.13622e+06
	224	222	-5.68949e+08
	225	222	-1.41169e+08
	226	222	7.30355e+07
	221	223	2.45394e+07
	222	223	-1.13622e+06
	223	223	3.34177e+07
	224	223	5.42478e+07
	225	223	-6.91344e+08
	226	223	-3.966e+07
	221	224	-4.21437e+06
	222	224	-5.68949e+08
	223	224	5.42478e+07
	224	224	6.99188e+09
	225	224	6.00237e+08
	226	224	-8.73416e+07
	221	225	-5.70083e+08
	222	225	-1.41169e+08
	223	225	-6.91344e+08
	224	225	6.00237e+08
	225	225	1.599e+10
	226	225	2.53274e+08
	221	226	-2.57918e+07
	222	226	7.30355e+07
	223	226	-3.966e+07
	224	226	-8.73416e+07
	225	226	2.53274e+08
	226	226	1.12395e+09
	227	227	2.2259e+07
	228	227	1.96307e+06
	229	227	2.36963e+07
	230	227	-2.62429e+06
	231	227	-5.38592e+08
	232	227	9.70916e+07
	227	228	1.96307e+06
	228	228	5.15319e+07
	229	228	-3.32021e+06
	230	228	-5.58463e+08
	231	228	9.73818e+07
	232	228	1.31947e+08
	227	229	2.36963e+07
	228	229	-3.32021e+06
	229	229	3.27571e+07
	230	229	7.69404e+07
	231	229	-6.91786e+08
	232	229	1.02791e+08
	227	230	-2.62429e+06
	228	230	-5.58463e+08
	229	230	7.69404e+07
	230	230	6.86028e+09
	231	230	-1.8919e+09
	232	230	-6.65707e+08
	227	231	-5.38592e+08
	228	231	9.73818e+07
	229	231	-6.91786e+08
	230	231	-1.8919e+09
	231	231	1.54411e+10
	232	231	-2.35092e+09
	227	232	9.70916e+07
	228	232	1.31947e+08
	229	232	1.02791e+08
	230	232	-6.65707e+08
	231	232	-2.35092e+09
	232	232	1.73456e+09
	233	233	2.99868e+07
	234	233	6.26855e+06
	235	233	3.10806e+07
	236	233	1.88382e+06
	237	233	-6.91684e+08
	238	233	8.79905e+07
	233	234	6.26855e+06
	234	234	6.73954e+07
	235	234	-6.44541e+06
	236	234	-6.69238e+08
	237	234	-3.2343e+07
	238	234	2.16775e+08
	233	235	3.10806e+07
	234	235	-6.44541e+06
	235	235	4.7176e+07
	236	235	1.72618e+08
	237	235	-9.33092e+08
	238	235	6.38666e+07
	233	236	1.88382e+06
	234	236	-6.69238e+08
	235	236	1.72618e+08
	236	236	7.69842e+09
	237	236	-1.82529e+09
	238	236	-1.18971e+09
	233	237	-6.91684e+08
	234	237	-3.2343e+07
	235	237	-9.33092e+08
	236	237	-1.82529e+09
	237	237	1.97068e+10
	238	237	-1.99827e+09
	233	238	8.79905e+07
	234	238	2.16775e+08
	235	238	6.38666e+07
	236	238	-1.18971e+09
	237	238	-1.99827e+09
	238	238	2.28258e+09
	239	239	5.35666e+07
	240	239	1.48045e+07
	241	239	3.97969e+07
	242	239	4.45079e+06
	243	239	-9.85164e+08
	244	239	2.63652e+07
	239	240	1.48045e+07
	240	240	8.85102e+07
	241	240	-1.44759e+07
	242	240	-8.73474e+08
	243	240	-3.24482e+08
	244	240	1.21771e+08
	239	241	3.97969e+07
	240	241	-1.44759e+07
	241	241	5.54256e+07
	242	241	3.49894e+08
	243	241	-9.7457e+08
	244	241	-1.87496e+07
	239	242	4.45079e+06
	240	242	-8.73474e+08
	241	242	3.49894e+08
	242	242	1.02273e+10
	243	242	-7.85091e+08
	244	242	-3.4861e+08
	239	243	-9.85164e+08
	240	243	-3.24482e+08
	241	243	-9.7457e+08
	242	243	-7.85091e+08
	243	243	2.2531e+10
	244	243	-7.77283e+08
	239	244	2.63652e+07
	240	244	1.21771e+08
	241	244	-1.87496e+07
	242	244	-3.4861e+08
	243	244	-7.77283e+08
	244	244	2.18726e+09
	245	245	6.99231e+07
	246	245	2.71912e+07
	247	245	4.58411e+07
	248	245	1.09235e+07
	249	245	-1.20577e+09
	250	245	2.1062e+07
	245	246	2.71912e+07
	246	246	1.0262e+08
	247	246	-2.54405e+07
	248	246	-9.74056e+08
	249	246	-5.82302e+08
	250	246	1.57864e+08
	245	247	4.58411e+07
	246	247	-2.54405e+07
	247	247	7.52709e+07
	248	247	6.0555e+08
	249	247	-1.07101e+09
	250	247	-7.12408e+07
	245	248	1.09235e+07
	246	248	-9.74056e+08
	247	248	6.0555e+08
	248	248	1.16097e+10
	249	248	-9.19572e+08
	250	248	-8.5184e+08
	245	249	-1.20577e+09
	246	249	-5.82302e+08
	247	249	-1.07101e+09
	248	249	-9.19572e+08
	249	249	2.59538e+10
	250	249	-4.60794e+08
	245	250	2.1062e+07
	246	250	1.57864e+08
	247	250	-7.12408e+07
	248	250	-8.5184e+08
	249	250	-4.60794e+08
	250	250	2.62973e+09
	251	251	8.82388e+07
	252	251	3.99885e+07
	253	251	4.25415e+07
	254	251	1.13851e+07
	255	251	-1.43557e+09
	256	251	5.45599e+07
	251	252	3.99885e+07
	252	252	9.75212e+07
	253	252	-3.77337e+07
	254	252	-9.84368e+08
	255	252	-7.80016e+08
	256	252	1.21259e+08
	251	253	4.25415e+07
	252	253	-3.77337e+07
	253	253	9.3487e+07
	254	253	9.66772e+08
	255	253	-9.51925e+08
	256	253	-5.33868e+07
	251	254	1.13851e+07
	252	254	-9.84368e+08
	253	254	9.66772e+08
	254	254	1.46531e+10
	255	254	-1.42924e+09
	256	254	-4.94696e+08
	251	255	-1.43557e+09
	252	255	-7.80016e+08
	253	255	-9.51925e+08
	254	255	-1.42924e+09
	255	255	2.79472e+10
	256	255	-1.00741e+09
	251	256	5.45599e+07
	252	256	1.21259e+08
	253	256	-5.33868e+07
	254	256	-4.94696e+08
	255	256	-1.00741e+09
	256	256	2.69124e+09
	257	257	9.56593e+07
	258	257	4.74034e+07
	259	257	3.77279e+07
	260	257	1.47151e+07
	261	257	-1.515e+09
	262	257	7.46164e+07
	257	258	4.74034e+07
	258	258	8.99632e+07
	259	258	-3.96569e+07
	260	258	-8.76957e+08
	261	258	-9.07077e+08
	262	258	1.36875e+08
	257	259	3.77279e+07
	258	259	-3.96569e+07
	259	259	1.09377e+08
	260	259	1.17016e+09
	261	259	-8.52846e+08
	262	259	-8.0078e+07
	257	260	1.47151e+07
	258	260	-8.76957e+08
	259	260	1.17016e+09
	260	260	1.5603e+10
	261	260	-1.80147e+09
	262	260	-7.36232e+08
	257	261	-1.515e+09
	258	261	-9.07077e+08
	259	261	-8.52846e+08
	260	261	-1.80147e+09
	261	261	2.84761e+10
	262	261	-1.34821e+09
	257	262	7.46164e+07
	258	262	1.36875e+08
	259	262	-8.0078e+07
	260	262	-7.36232e+08
	261	262	-1.34821e+09
	262	262	2.88741e+09
	263	263	8.89089e+07
	264	263	4.8824e+07
	265	263	2.60279e+07
	266	263	1.25923e+07
	267	263	-1.42555e+09
	268	263	1.0758e+08
	263	264	4.8824e+07
	264	264	6.76298e+07
	265	264	-3.15183e+07
	266	264	-6.04656e+08
	267	264	-9.37867e+08
	268	264	1.42605e+08
	263	265	2.60279e+07
	264	265	-3.15183e+07
	265	265	1.12423e+08
	266	265	1.24561e+09
	267	265	-6.41901e+08
	268	265	-9.97591e+07
	263	266	1.25923e+07
	264	266	-6.04656e+08
	265	266	1.24561e+09
	266	266	1.52463e+10
	267	266	-2.14391e+09
	268	266	-1.00001e+09
	263	267	-1.42555e+09
	264	267	-9.37867e+08
	265	267	-6.41901e+08
	266	267	-2.14391e+09
	267	267	2.69007e+10
	268	267	-1.90615e+09
	263	268	1.0758e+08
	264	268	1.42605e+08
	265	268	-9.97591e+07
	266	268	-1.00001e+09
	267	268	-1.90615e+09
	268	268	2.74918e+09
	269	269	8.91679e+07
	270	269	4.97411e+07
	271	269	1.64132e+07
	272	269	1.8218e+07
	273	269	-1.44131e+09
	274	269	9.38947e+07
	269	270	4.97411e+07
	270	270	5.32247e+07
	271	270	-2.21861e+07
	272	270	-3.74231e+08
	273	270	-9.81314e+08
	274	270	1.17151e+08
	269	271	1.64132e+07
	270	271	-2.21861e+07
	271	271	1.16875e+08
	272	271	1.32985e+09
	273	271	-4.32472e+08
	274	271	-1.55277e+08
	269	272	1.8218e+07
	270	272	-3.74231e+08
	271	272	1.32985e+09
	272	272	1.57268e+10
	273	272	-2.12976e+09
	274	272	-1.52686e+09
	269	273	-1.44131e+09
	270	273	-9.81314e+08
	271	273	-4.32472e+08
	272	273	-2.12976e+09
	273	273	2.69749e+10
	274	273	-1.72555e+09
	269	274	9.38947e+07
	270	274	1.17151e+08
	271	274	-1.55277e+08
	272	274	-1.52686e+09
	273	274	-1.72555e+09
	274	274	2.76213e+09
	275	275	7.74553e+07
	276	275	3.98189e+07
	277	275	5.33031e+06
	278	275	2.2277e+07
	279	275	-1.28608e+09
	280	275	1.86534e+07
	275	276	3.98189e+07
	276	276	3.50561e+07
	277	276	-8.74811e+06
	278	276	-1.21648e+08
	279	276	-8.29987e+08
	280	276	3.12166e+07
	275	277	5.33031e+06
	276	277	-8.74811e+06
	277	277	9.94098e+07
	278	277	1.20501e+09
	279	277	-1.44359e+08
	280	277	-1.64767e+08
	275	278	2.2277e+07
	276	278	-1.21648e+08
	277	278	1.20501e+09
	278	278	1.49593e+10
	279	278	-1.2323e+09
	280	278	-1.72741e+09
	275	279	-1.28608e+09
	276	279	-8.29987e+08
	277	279	-1.44359e+08
	278	279	-1.2323e+09
	279	279	2.42245e+10
	280	279	-5.32644e+08
	275	280	1.86534e+07
	276	280	3.12166e+07
	277	280	-1.64767e+08
	278	280	-1.72741e+09
	279	280	-5.32644e+08
	280	280	2.42765e+09
	281	281	4.78434e+07
	282	281	2.61392e+07
	283	281	-486429
	284	281	1.88508e+07
	285	281	-9.3469e+08
	286	281	1.03717e+08
	281	282	2.61392e+07
	282	282	2.15722e+07
	283	282	3.22807e+06
	284	282	6.45912e+07
	285	282	-6.12401e+08
	286	282	5.72244e+07
	281	283	-486429
	282	283	3.22807e+06
	283	283	6.32041e+07
	284	283	9.058e+08
	285	283	-8.37956e+07
	286	283	-1.75763e+08
	281	284	1.88508e+07
	282	284	6.45912e+07
	283	284	9.058e+08
	284	284	1.36403e+10
	285	284	-1.75524e+09
	286	284	-2.17524e+09
	281	285	-9.3469e+08
	282	285	-6.12401e+08
	283	285	-8.37956e+07
	284	285	-1.75524e+09
	285	285	2.0223e+10
	286	285	-1.66534e+09
	281	286	1.03717e+08
	282	286	5.72244e+07
	283	286	-1.75763e+08
	284	286	-2.17524e+09
	285	286	-1.66534e+09
	286	286	2.30361e+09
	287	287	3.62258e+07
	288	287	1.91578e+07
	289	287	-1.86705e+06
	290	287	1.28199e+07
	291	287	-7.64625e+08
	292	287	7.25672e+07
	287	288	1.91578e+07
	288	288	1.54886e+07
	289	288	4.71827e+06
	290	288	9.40002e+07
	291	288	-4.65848e+08
	292	288	3.00912e+07
	287	289	-1.86705e+06
	288	289	4.71827e+06
	289	289	4.66852e+07
	290	289	7.61841e+08
	291	289	-2.3918e+07
	292	289	-1.23553e+08
	287	290	1.28199e+07
	288	290	9.40002e+07
	289	290	7.61841e+08
	290	290	1.32283e+10
	291	290	-1.17324e+09
	292	290	-1.52136e+09
	287	291	-7.64625e+08
	288	291	-4.65848e+08
	289	291	-2.3918e+07
	290	291	-1.17324e+09
	291	291	1.73894e+10
	292	291	-1.05339e+09
	287	292	7.25672e+07
	288	292	3.00912e+07
	289	292	-1.23553e+08
	290	292	-1.52136e+09
	291	292	-1.05339e+09
	292	292	1.73572e+09
	293	293	3.49166e+07
	294	293	1.88998e+07
	295	293	-2.63627e+06
	296	293	1.9889e+07
	297	293	-7.65237e+08
	298	293	5.17656e+07
	293	294	1.88998e+07
	294	294	1.60016e+07
	295	294	5.91439e+06
	296	294	1.28311e+08
	297	294	-4.69575e+08
	298	294	7.3359e+06
	293	295	-2.63627e+06
	294	295	5.91439e+06
	295	295	4.39207e+07
	296	295	7.52802e+08
	297	295	2.49286e+06
	298	295	-1.61384e+08
	293	296	1.9889e+07
	294	296	1.28311e+08
	295	296	7.52802e+08
	296	296	1.38319e+10
	297	296	-1.19198e+09
	298	296	-2.13999e+09
	293	297	-7.65237e+08
	294	297	-4.69575e+08
	295	297	2.49286e+06
	296	297	-1.19198e+09
	297	297	1.79064e+10
	298	297	-5.25834e+08
	293	298	5.17656e+07
	294	298	7.3359e+06
	295	298	-1.61384e+08
	296	298	-2.13999e+09
	297	298	-5.25834e+08
	298	298	1.93922e+09
	299	299	4.44546e+07
	300	299	1.92582e+07
	301	299	-5.31712e+06
	302	299	1.46522e+07
	303	299	-9.20439e+08
	304	299	-1.26726e+07
	299	300	1.92582e+07
	300	300	1.67952e+07
	301	300	1.02099e+07
	302	300	2.28043e+08
	303	300	-4.52605e+08
	304	300	-4.37504e+07
	299	301	-5.31712e+06
	300	301	1.02099e+07
	301	301	5.00065e+07
	302	301	8.86204e+08
	303	301	1.04052e+08
	304	301	-1.49351e+08
	299	302	1.46522e+07
	300	302	2.28043e+08
	301	302	8.86204e+08
	302	302	1.66587e+10
	303	302	-3.77838e+08
	304	302	-2.21894e+09
	299	303	-9.20439e+08
	300	303	-4.52605e+08
	301	303	1.04052e+08
	302	303	-3.77838e+08
	303	303	2.01252e+10
	304	303	7.19814e+08
	299	304	-1.26726e+07
	300	304	-4.37504e+07
	301	304	-1.49351e+08
	302	304	-2.21894e+09
	303	304	7.19814e+08
	304	304	2.00909e+09
	305	305	5.79223e+07
	306	305	2.19565e+07
	307	305	-9.75724e+06
	308	305	5.17316e+06
	309	305	-1.21766e+09
	310	305	-2.62074e+07
	305	306	2.19565e+07
	306	306	2.36526e+07
	307	306	1.83749e+07
	308	306	4.52905e+08
	309	306	-5.2175e+08
	310	306	-1.18016e+08
	305	307	-9.75724e+06
	306	307	1.83749e+07
	307	307	5.71327e+07
	308	307	1.08632e+09
	309	307	2.27566e+08
	310	307	-2.52344e+08
	305	308	5.17316e+06
	306	308	4.52905e+08
	307	308	1.08632e+09
	308	308	2.19074e+10
	309	308	1.05466e+08
	310	308	-4.69358e+09
	305	309	-1.21766e+09
	306	309	-5.2175e+08
	307	309	2.27566e+08
	308	309	1.05466e+08
	309	309	2.68397e+10
	310	309	9.44241e+08
	305	310	-2.62074e+07
	306	310	-1.18016e+08
	307	310	-2.52344e+08
	308	310	-4.69358e+09
	309	310	9.44241e+08
	310	310	3.08552e+09
	311	311	6.25539e+07
	312	311	1.97465e+07
	313	311	-1.08395e+07
	314	311	5.9669e+06
	315	311	-1.2888e+09
	316	311	2.58106e+07
	311	312	1.97465e+07
	312	312	2.8058e+07
	313	312	2.42081e+07
	314	312	6.148e+08
	315	312	-4.7496e+08
	316	312	-8.35784e+07
	311	313	-1.08395e+07
	312	313	2.42081e+07
	313	313	5.62164e+07
	314	313	1.13174e+09
	315	313	2.36522e+08
	316	313	-1.75808e+08
	311	314	5.9669e+06
	312	314	6.148e+08
	313	314	1.13174e+09
	314	314	2.42669e+10
	315	314	-2.10546e+08
	316	314	-3.28768e+09
	311	315	-1.2888e+09
	312	315	-4.7496e+08
	313	315	2.36522e+08
	314	315	-2.10546e+08
	315	315	2.77603e+10
	316	315	-3.51258e+07
	311	316	2.58106e+07
	312	316	-8.35784e+07
	313	316	-1.75808e+08
	314	316	-3.28768e+09
	315	316	-3.51258e+07
	316	316	2.59717e+09
	317	317	7.96919e+07
	318	317	2.23157e+07
	319	317	-1.6047e+07
	320	317	1.06856e+06
	321	317	-1.63629e+09
	322	317	3.34208e+07
	317	318	2.23157e+07
	318	318	4.21623e+07
	319	318	3.30816e+07
	320	318	9.36815e+08
	321	318	-5.27522e+08
	322	318	-2.11864e+08
	317	319	-1.6047e+07
	318	319	3.30816e+07
	319	319	5.99735e+07
	320	319	1.27432e+09
	321	319	3.67649e+08
	322	319	-3.09418e+08
	317	320	1.06856e+06
	318	320	9.36815e+08
	319	320	1.27432e+09
	320	320	2.99083e+10
	321	320	1.76017e+07
	322	320	-6.72683e+09
	317	321	-1.63629e+09
	318	321	-5.27522e+08
	319	321	3.67649e+08
	320	321	1.76017e+07
	321	321	3.49613e+10
	322	321	-2.49193e+08
	317	322	3.34208e+07
	318	322	-2.11864e+08
	319	322	-3.09418e+08
	320	322	-6.72683e+09
	321	322	-2.49193e+08
	322	322	4.16185e+09
	323	323	8.30969e+07
	324	323	2.22894e+07
	325	323	-1.94161e+07
	326	323	-1.4438e+07
